6 0.451715 0.726527 0.091531 0.321490
19 0.203222 0.609040 0.070351 0.105398
19 0.547108 0.789303 0.070351 0.105398
6 0.548285 0.363670 0.091529 0.158483
19 0.412851 0.718926 0.070351 0.105398
6 0.211466 0.366060 0.108090 0.162227
6 0.788534 0.315439 0.108090 0.162227
6 0.451715 0.491997 0.108090 0.162227
19 0.587149 0.548541 0.070351 0.105398
6 0.211466 0.600590 0.091531 0.321490
6 0.548285 0.424031 0.091531 0.321490
6 0.788534 0.549968 0.091531 0.321490
19 0.796778 0.658427 0.070351 0.105398
6 0.451715 0.666165 0.091529 0.158483
6 0.258809 0.514434 0.110100 0.281827
6 0.744959 0.650743 0.110102 0.281828
19 0.808516 0.604341 0.133753 0.193454
19 0.191407 0.503097 0.133753 0.193454
5 0.434049 0.519338 0.148107 0.212917
5 0.324760 0.576627 0.148107 0.212917
5 0.565951 0.576627 0.148061 0.212893
5 0.675240 0.645769 0.148101 0.212914
5 0.565951 0.703058 0.148101 0.212914
19 0.596532 0.715462 0.133753 0.193454
2 0.500000 0.628526 0.897068 0.640017
1 0.500000 0.322079 0.897069 0.541227
6 0.408140 0.364160 0.100951 0.269917
6 0.596570 0.685176 0.100951 0.269917
6 0.808555 0.574055 0.100951 0.269917
19 0.500000 0.357376 0.185106 0.246133
4 0.500000 0.450704 0.897069 0.541227
6 0.134916 0.412228 0.119180 0.227314
6 0.485868 0.235669 0.119180 0.227314
6 0.521198 0.614715 0.119180 0.227314
6 0.865084 0.434452 0.119180 0.227314
5 0.500000 0.514986 0.897069 0.561121
3 0.500000 0.386293 0.897069 0.560985
6 0.191445 0.472811 0.100951 0.269917
6 0.565951 0.763618 0.077398 0.121441
19 0.562419 0.269965 0.084881 0.100664
6 0.675240 0.706329 0.077398 0.121441
19 0.437581 0.335404 0.084881 0.100664
5 0.434049 0.645769 0.148061 0.212893
6 0.565951 0.637187 0.077398 0.121441
6 0.434049 0.579898 0.077398 0.121441
6 0.434049 0.706329 0.077398 0.121441
6 0.324760 0.637187 0.077398 0.121441
