6 0.854241 0.666657 0.094455 0.558129
19 0.762584 0.785708 0.072180 0.140635
19 0.762584 0.785708 0.072180 0.140635
6 0.145759 0.543721 0.094453 0.226142
19 0.762584 0.785708 0.072180 0.140635
6 0.854241 0.189000 0.111871 0.216086
6 0.145759 0.189000 0.111871 0.216086
6 0.854241 0.189000 0.111871 0.216086
19 0.237416 0.785708 0.072180 0.140635
6 0.854241 0.666657 0.094455 0.558129
6 0.145759 0.666657 0.094455 0.558129
6 0.145759 0.666657 0.094455 0.558129
19 0.237416 0.785708 0.072180 0.140635
6 0.854241 0.543721 0.094453 0.226142
6 0.618906 0.679532 0.113985 0.457524
6 0.381094 0.679532 0.113987 0.457524
19 0.277014 0.622826 0.138925 0.252288
19 0.722911 0.622826 0.138925 0.252288
5 0.385058 0.739812 0.153957 0.276603
5 0.614942 0.739812 0.153957 0.276603
5 0.361276 0.739812 0.153909 0.276603
5 0.385058 0.739812 0.153951 0.276603
5 0.614942 0.739812 0.153951 0.276603
19 0.722911 0.622826 0.138925 0.252288
2 0.500000 0.775103 0.897068 0.346863
1 0.500000 0.150975 0.897069 0.145662
6 0.277051 0.561065 0.104362 0.443037
6 0.722949 0.561065 0.104362 0.443037
6 0.277051 0.561065 0.104362 0.443037
19 0.500000 0.222863 0.192870 0.304751
4 0.500000 0.412940 0.897069 0.145661
6 0.861672 0.357209 0.123535 0.336807
6 0.138328 0.357209 0.123535 0.336807
6 0.861672 0.357209 0.123535 0.336807
6 0.138328 0.357209 0.123535 0.336807
5 0.500000 0.543860 0.897069 0.186179
3 0.500000 0.281756 0.897069 0.185902
6 0.722949 0.561065 0.104362 0.443037
6 0.614942 0.863151 0.079591 0.165785
19 0.368704 0.111475 0.087461 0.115481
6 0.385058 0.863151 0.079591 0.165785
19 0.631296 0.111475 0.087461 0.115481
5 0.638724 0.739812 0.153909 0.276603
6 0.361276 0.863151 0.079591 0.165785
6 0.385058 0.863151 0.079591 0.165785
6 0.638724 0.863151 0.079591 0.165785
6 0.614942 0.863151 0.079591 0.165785
