6 0.727967 0.666657 0.088615 0.558129
19 0.173956 0.785708 0.068528 0.140635
19 0.826259 0.785708 0.068528 0.140635
6 0.272248 0.543721 0.088614 0.226142
19 0.571593 0.785708 0.068528 0.140635
6 0.272248 0.189000 0.104321 0.216086
6 0.727967 0.189000 0.104321 0.216086
6 0.727967 0.189000 0.104321 0.216086
19 0.428622 0.785708 0.068528 0.140635
6 0.272248 0.666657 0.088615 0.558129
6 0.272248 0.666657 0.088615 0.558129
6 0.727967 0.666657 0.088615 0.558129
19 0.826259 0.785708 0.068528 0.140635
6 0.727967 0.543721 0.088614 0.226142
6 0.149830 0.679532 0.106227 0.457524
6 0.857534 0.679532 0.106229 0.457524
19 0.884233 0.622826 0.128602 0.252288
19 0.115767 0.622826 0.128602 0.252288
5 0.271355 0.739812 0.142274 0.276603
5 0.271355 0.739812 0.142274 0.276603
5 0.500108 0.739812 0.142231 0.276603
5 0.728861 0.739812 0.142269 0.276603
5 0.728861 0.739812 0.142269 0.276603
19 0.884233 0.622826 0.128602 0.252288
2 0.500108 0.775103 0.892823 0.346863
1 0.500108 0.150975 0.892824 0.145662
6 0.124810 0.561065 0.097550 0.443037
6 0.884341 0.561065 0.097550 0.443037
6 0.884341 0.561065 0.097550 0.443037
19 0.500108 0.222863 0.177366 0.304751
4 0.500108 0.412940 0.892823 0.145661
6 0.133746 0.357209 0.114839 0.336807
6 0.147149 0.357209 0.114839 0.336807
6 0.866470 0.357209 0.114839 0.336807
6 0.866470 0.357209 0.114839 0.336807
5 0.500108 0.543860 0.892824 0.186179
3 0.500108 0.281756 0.892824 0.185902
6 0.115874 0.561065 0.097550 0.443037
6 0.728861 0.863151 0.075212 0.165785
19 0.500108 0.111475 0.082309 0.115481
6 0.728861 0.863151 0.075212 0.165785
19 0.500108 0.111475 0.082309 0.115481
5 0.500108 0.739812 0.142231 0.276603
6 0.500108 0.863151 0.075212 0.165785
6 0.271355 0.863151 0.075212 0.165785
6 0.500108 0.863151 0.075212 0.165785
6 0.271355 0.863151 0.075212 0.165785
