19 0.484823 0.366319 0.044106 0.097553
19 0.527319 0.354153 0.053213 0.076703
19 0.484823 0.354153 0.053213 0.076703
19 0.527319 0.366319 0.044106 0.097553
19 0.484823 0.366319 0.044106 0.097553
19 0.527319 0.366319 0.044106 0.097553
18 0.506071 0.323002 0.044106 0.132305
18 0.506071 0.323002 0.044106 0.132305
19 0.088878 0.366319 0.044106 0.097553
19 0.099563 0.354153 0.071426 0.076703
19 0.110248 0.366319 0.044106 0.097553
19 0.099563 0.354153 0.071426 0.076703
19 0.088878 0.366319 0.044106 0.097553
19 0.110248 0.366319 0.044106 0.097553
18 0.088878 0.323002 0.044106 0.132305
18 0.110248 0.323002 0.044106 0.132305
19 0.912579 0.354153 0.071426 0.076703
19 0.923264 0.366319 0.044106 0.097553
19 0.901894 0.366319 0.044106 0.097553
19 0.912579 0.354153 0.071426 0.076703
19 0.901894 0.366319 0.044106 0.097553
18 0.923264 0.323002 0.044106 0.132305
19 0.923264 0.366319 0.044106 0.097553
18 0.901894 0.323002 0.044106 0.132305
19 0.141816 0.468832 0.100007 0.306069
19 0.624454 0.354153 0.053213 0.076703
19 0.624454 0.366319 0.044106 0.097553
19 0.581957 0.354153 0.053213 0.076703
19 0.581957 0.366319 0.044106 0.097553
19 0.581957 0.366319 0.044106 0.097553
18 0.603205 0.323002 0.044106 0.132305
19 0.624454 0.366319 0.044106 0.097553
18 0.603205 0.323002 0.044106 0.132305
19 0.135745 0.468832 0.100007 0.306069
19 0.876396 0.468832 0.100007 0.306069
19 0.876396 0.468832 0.100007 0.306069
2 0.506071 0.892807 0.884927 0.111454
1 0.506071 0.468834 0.884927 0.306065
6 0.876396 0.277479 0.089395 0.410324
6 0.135745 0.277479 0.089395 0.410324
6 0.141816 0.277479 0.089395 0.410324
6 0.876396 0.277479 0.089395 0.410324
19 0.445362 0.729474 0.107851 0.285214
19 0.566780 0.729474 0.107851 0.285214
19 0.445362 0.729474 0.107851 0.285214
19 0.797474 0.729474 0.107851 0.285214
6 0.506071 0.729474 0.884927 0.285214
6 0.075036 0.374893 0.047142 0.285214
19 0.214667 0.729474 0.107851 0.285214
19 0.342156 0.729474 0.107851 0.285214
19 0.669985 0.729474 0.107851 0.285214
19 0.566780 0.729474 0.107851 0.285214
6 0.433220 0.729446 0.057778 0.431171
6 0.676056 0.858028 0.053213 0.174008
6 0.578922 0.729446 0.057778 0.431171
6 0.336085 0.858028 0.053213 0.174008
6 0.676056 0.858028 0.053213 0.174008
6 0.214667 0.715545 0.057778 0.458973
6 0.578922 0.729446 0.057778 0.431171
6 0.797474 0.715545 0.057778 0.458973
6 0.214667 0.715545 0.057778 0.458973
6 0.797474 0.715545 0.057778 0.458973
6 0.433220 0.729446 0.057778 0.431171
6 0.336085 0.858028 0.053213 0.174008
6 0.202525 0.756405 0.065112 0.382522
6 0.855148 0.557395 0.059284 0.483413
6 0.202525 0.756405 0.065112 0.382522
6 0.809616 0.756405 0.065112 0.382522
6 0.156994 0.557395 0.059284 0.483413
6 0.809616 0.756405 0.065112 0.382522
6 0.855148 0.557395 0.059284 0.483413
6 0.160029 0.557395 0.059284 0.483413
6 0.506071 0.729474 0.884927 0.285214
6 0.396795 0.875431 0.048647 0.139256
6 0.196455 0.875431 0.048647 0.139256
6 0.338762 0.089817 0.053972 0.076702
6 0.659039 0.863115 0.059535 0.169670
6 0.353103 0.863115 0.059535 0.169670
6 0.592115 0.863115 0.059535 0.169670
6 0.353103 0.863115 0.059535 0.169670
6 0.659039 0.863115 0.059535 0.169670
6 0.592115 0.863115 0.059535 0.169670
6 0.420026 0.863115 0.059535 0.169670
6 0.420026 0.863115 0.059535 0.169670
6 0.736765 0.795502 0.048647 0.125355
6 0.372511 0.795502 0.048647 0.125355
6 0.736765 0.795502 0.048647 0.125355
6 0.275376 0.795502 0.048647 0.125355
6 0.639631 0.795502 0.048647 0.125355
6 0.578922 0.795502 0.048647 0.125355
6 0.275376 0.795502 0.048647 0.125355
6 0.153958 0.795502 0.048647 0.125355
6 0.858183 0.795502 0.048647 0.125355
6 0.506071 0.795502 0.048647 0.125355
6 0.275376 0.795502 0.048647 0.125355
6 0.736765 0.795502 0.048647 0.125355
6 0.372511 0.795502 0.048647 0.125355
6 0.433220 0.795502 0.048647 0.125355
6 0.506071 0.795502 0.048647 0.125355
6 0.858183 0.795502 0.048647 0.125355
6 0.153958 0.795502 0.048647 0.125355
6 0.578922 0.795502 0.048647 0.125355
6 0.433220 0.795502 0.048647 0.125355
6 0.639631 0.795502 0.048647 0.125355
6 0.669985 0.868454 0.057778 0.153156
6 0.342156 0.868454 0.057778 0.153156
6 0.396795 0.729474 0.083567 0.285214
6 0.293589 0.729474 0.083567 0.285214
6 0.815687 0.729474 0.083567 0.285214
6 0.815687 0.729474 0.083567 0.285214
6 0.615347 0.875431 0.048647 0.139256
6 0.615347 0.729474 0.083567 0.285214
6 0.797474 0.868454 0.057778 0.153156
6 0.815687 0.875431 0.048647 0.139256
6 0.214667 0.868454 0.057778 0.153156
6 0.718553 0.729474 0.083567 0.285214
6 0.506071 0.729474 0.083567 0.285214
6 0.196455 0.729474 0.083567 0.285214
6 0.396795 0.729474 0.083567 0.285214
6 0.506071 0.729474 0.083567 0.285214
6 0.718553 0.729474 0.083567 0.285214
6 0.293589 0.729474 0.083567 0.285214
6 0.815687 0.875431 0.048647 0.139256
6 0.718553 0.875431 0.048647 0.139256
6 0.196455 0.729474 0.083567 0.285214
6 0.293589 0.875431 0.048647 0.139256
6 0.615347 0.729474 0.083567 0.285214
6 0.506071 0.875431 0.048647 0.139256
6 0.196455 0.875431 0.048647 0.139256
6 0.718553 0.875431 0.048647 0.139256
6 0.396795 0.875431 0.048647 0.139256
6 0.506071 0.875431 0.048647 0.139256
6 0.293589 0.875431 0.048647 0.139256
6 0.615347 0.875431 0.048647 0.139256
