19 0.110345 0.366319 0.047931 0.097553
19 0.095173 0.354153 0.086724 0.076703
19 0.095173 0.354153 0.086724 0.076703
19 0.080000 0.366319 0.047931 0.097553
19 0.080000 0.366319 0.047931 0.097553
19 0.110345 0.366319 0.047931 0.097553
18 0.110345 0.323002 0.047931 0.132305
18 0.080000 0.323002 0.047931 0.132305
19 0.469828 0.366319 0.047931 0.097553
19 0.530172 0.354153 0.060862 0.076703
19 0.530172 0.366319 0.047931 0.097553
19 0.469828 0.354153 0.060862 0.076703
19 0.530172 0.366319 0.047931 0.097553
19 0.469828 0.366319 0.047931 0.097553
18 0.500000 0.323002 0.047931 0.132305
18 0.500000 0.323002 0.047931 0.132305
19 0.530172 0.354153 0.060862 0.076703
19 0.469828 0.366319 0.047931 0.097553
19 0.530172 0.366319 0.047931 0.097553
19 0.469828 0.354153 0.060862 0.076703
19 0.469828 0.366319 0.047931 0.097553
18 0.500000 0.323002 0.047931 0.132305
19 0.530172 0.366319 0.047931 0.097553
18 0.500000 0.323002 0.047931 0.132305
19 0.146552 0.468832 0.127310 0.306069
19 0.904827 0.354153 0.086724 0.076703
19 0.889655 0.366319 0.047931 0.097553
19 0.904827 0.354153 0.086724 0.076703
19 0.920000 0.366319 0.047931 0.097553
19 0.889655 0.366319 0.047931 0.097553
18 0.920000 0.323002 0.047931 0.132305
19 0.920000 0.366319 0.047931 0.097553
18 0.889655 0.323002 0.047931 0.132305
19 0.853448 0.468832 0.127310 0.306069
19 0.146552 0.468832 0.127310 0.306069
19 0.853448 0.468832 0.127310 0.306069
2 0.500000 0.892807 0.897069 0.111454
1 0.500000 0.468834 0.897069 0.306065
6 0.853448 0.277479 0.112241 0.410324
6 0.853448 0.277479 0.112241 0.410324
6 0.146552 0.277479 0.112241 0.410324
6 0.146552 0.277479 0.112241 0.410324
19 0.426724 0.729474 0.138448 0.285214
19 0.426724 0.729474 0.138448 0.285214
19 0.573276 0.729474 0.138448 0.285214
19 0.500000 0.729474 0.138448 0.285214
6 0.144397 0.729474 0.185862 0.285214
6 0.258621 0.374893 0.086724 0.285214
19 0.500000 0.729474 0.138448 0.285214
19 0.500000 0.729474 0.138448 0.285214
19 0.500000 0.729474 0.138448 0.285214
19 0.573276 0.729474 0.138448 0.285214
6 0.855603 0.729446 0.067345 0.431171
6 0.144397 0.858028 0.060862 0.174008
6 0.144397 0.729446 0.067345 0.431171
6 0.855603 0.858028 0.060862 0.174008
6 0.855603 0.858028 0.060862 0.174008
6 0.855603 0.715545 0.067345 0.458973
6 0.855603 0.729446 0.067345 0.431171
6 0.855603 0.715545 0.067345 0.458973
6 0.144397 0.715545 0.067345 0.458973
6 0.144397 0.715545 0.067345 0.458973
6 0.144397 0.729446 0.067345 0.431171
6 0.144397 0.858028 0.060862 0.174008
6 0.750000 0.756405 0.077759 0.382522
6 0.344828 0.557395 0.069483 0.483413
6 0.250000 0.756405 0.077759 0.382522
6 0.750000 0.756405 0.077759 0.382522
6 0.655172 0.557395 0.069483 0.483413
6 0.250000 0.756405 0.077759 0.382522
6 0.655172 0.557395 0.069483 0.483413
6 0.344828 0.557395 0.069483 0.483413
6 0.862069 0.729474 0.172931 0.285214
6 0.284483 0.875431 0.054379 0.139256
6 0.612069 0.875431 0.054379 0.139256
6 0.155173 0.089817 0.103965 0.076702
6 0.730790 0.863115 0.065172 0.169670
6 0.730790 0.863115 0.065172 0.169670
6 0.350665 0.863115 0.065172 0.169670
6 0.269210 0.863115 0.065172 0.169670
6 0.269210 0.863115 0.065172 0.169670
6 0.649335 0.863115 0.065172 0.169670
6 0.649335 0.863115 0.065172 0.169670
6 0.350665 0.863115 0.065172 0.169670
6 0.758621 0.795502 0.054379 0.125355
6 0.586207 0.795502 0.054379 0.125355
6 0.500000 0.795502 0.054379 0.125355
6 0.500000 0.795502 0.054379 0.125355
6 0.413793 0.795502 0.054379 0.125355
6 0.758621 0.795502 0.054379 0.125355
6 0.241379 0.795502 0.054379 0.125355
6 0.413793 0.795502 0.054379 0.125355
6 0.586207 0.795502 0.054379 0.125355
6 0.586207 0.795502 0.054379 0.125355
6 0.758621 0.795502 0.054379 0.125355
6 0.241379 0.795502 0.054379 0.125355
6 0.413793 0.795502 0.054379 0.125355
6 0.241379 0.795502 0.054379 0.125355
6 0.413793 0.795502 0.054379 0.125355
6 0.413793 0.795502 0.054379 0.125355
6 0.586207 0.795502 0.054379 0.125355
6 0.241379 0.795502 0.054379 0.125355
6 0.758621 0.795502 0.054379 0.125355
6 0.586207 0.795502 0.054379 0.125355
6 0.500000 0.868454 0.067345 0.153156
6 0.500000 0.868454 0.067345 0.153156
6 0.715517 0.729474 0.103965 0.285214
6 0.344828 0.729474 0.103965 0.285214
6 0.387931 0.729474 0.103965 0.285214
6 0.612069 0.729474 0.103965 0.285214
6 0.284483 0.875431 0.054379 0.139256
6 0.284483 0.729474 0.103965 0.285214
6 0.500000 0.868454 0.067345 0.153156
6 0.612069 0.875431 0.054379 0.139256
6 0.500000 0.868454 0.067345 0.153156
6 0.344828 0.729474 0.103965 0.285214
6 0.672414 0.729474 0.103965 0.285214
6 0.612069 0.729474 0.103965 0.285214
6 0.284483 0.729474 0.103965 0.285214
6 0.327586 0.729474 0.103965 0.285214
6 0.655172 0.729474 0.103965 0.285214
6 0.655172 0.729474 0.103965 0.285214
6 0.387931 0.875431 0.054379 0.139256
6 0.344828 0.875431 0.054379 0.139256
6 0.387931 0.729474 0.103965 0.285214
6 0.655172 0.875431 0.054379 0.139256
6 0.715517 0.729474 0.103965 0.285214
6 0.327586 0.875431 0.054379 0.139256
6 0.387931 0.875431 0.054379 0.139256
6 0.655172 0.875431 0.054379 0.139256
6 0.715517 0.875431 0.054379 0.139256
6 0.672414 0.875431 0.054379 0.139256
6 0.344828 0.875431 0.054379 0.139256
6 0.715517 0.875431 0.054379 0.139256
