19 0.649784 0.317137 0.045776 0.064475
19 0.681250 0.325707 0.067328 0.071842
19 0.656106 0.308515 0.067328 0.071842
19 0.687572 0.325684 0.045776 0.064475
19 0.662428 0.308492 0.045776 0.064475
19 0.674928 0.334329 0.045776 0.064475
18 0.662356 0.310424 0.045776 0.076757
18 0.675000 0.301779 0.045776 0.076757
19 0.265733 0.259373 0.045776 0.064475
19 0.246911 0.276588 0.067328 0.071842
19 0.253233 0.285210 0.045776 0.064475
19 0.272055 0.259396 0.067328 0.071842
19 0.240589 0.276565 0.045776 0.064475
19 0.278376 0.268018 0.045776 0.064475
18 0.253161 0.252660 0.045776 0.076757
18 0.265805 0.261305 0.045776 0.076757
19 0.727945 0.605489 0.067328 0.071842
19 0.759411 0.596919 0.045776 0.064475
19 0.721624 0.605466 0.045776 0.064475
19 0.753089 0.588297 0.067328 0.071842
19 0.746767 0.588274 0.045776 0.064475
18 0.746839 0.590206 0.045776 0.076757
19 0.734267 0.614111 0.045776 0.064475
18 0.734195 0.581561 0.045776 0.076757
19 0.431753 0.224920 0.111925 0.183396
19 0.401365 0.595665 0.067328 0.071842
19 0.407687 0.595642 0.045776 0.064475
19 0.376221 0.578474 0.067328 0.071842
19 0.369899 0.587096 0.045776 0.064475
19 0.382543 0.578451 0.045776 0.064475
18 0.382471 0.580382 0.045776 0.076757
19 0.395043 0.604287 0.045776 0.064475
18 0.395115 0.571738 0.045776 0.076757
19 0.133621 0.423852 0.111925 0.183396
19 0.866379 0.522091 0.111925 0.183396
19 0.571839 0.723479 0.111925 0.183396
2 0.500000 0.622810 0.897069 0.651449
1 0.500000 0.472972 0.897069 0.720227
6 0.571839 0.655852 0.099368 0.211655
6 0.133621 0.356225 0.099368 0.211655
6 0.431753 0.157293 0.099368 0.211655
6 0.866379 0.454464 0.099368 0.211655
19 0.494612 0.519650 0.121207 0.182372
19 0.566451 0.568770 0.121207 0.182372
19 0.433549 0.561402 0.121207 0.182372
19 0.672414 0.682971 0.121207 0.182372
6 0.648168 0.463777 0.600733 0.510242
6 0.345546 0.196633 0.063736 0.143076
19 0.327586 0.447200 0.121207 0.182372
19 0.403017 0.498775 0.121207 0.182372
19 0.596983 0.631396 0.121207 0.182372
19 0.505388 0.610521 0.121207 0.182372
6 0.308729 0.636913 0.061954 0.193442
6 0.748743 0.577977 0.056552 0.098863
6 0.691271 0.493239 0.061954 0.193442
6 0.251257 0.643060 0.056552 0.098863
6 0.452407 0.780593 0.056552 0.098863
6 0.179418 0.543585 0.061954 0.203267
6 0.394935 0.695856 0.061954 0.193442
6 0.524246 0.779357 0.061954 0.203267
6 0.475754 0.340969 0.061954 0.203267
6 0.820582 0.576741 0.061954 0.203267
6 0.605065 0.434296 0.061954 0.193442
6 0.547593 0.440444 0.056552 0.098863
6 0.216236 0.523028 0.070632 0.182182
6 0.771192 0.601281 0.063736 0.213123
6 0.424569 0.380583 0.070632 0.182182
6 0.575431 0.768624 0.070632 0.182182
6 0.228808 0.407260 0.063736 0.213123
6 0.783764 0.626179 0.070632 0.182182
6 0.641882 0.689695 0.063736 0.213123
6 0.359914 0.320074 0.063736 0.213123
6 0.349138 0.668236 0.595345 0.506558
6 0.525144 0.511063 0.051149 0.082887
6 0.270115 0.523343 0.051149 0.082887
6 0.544687 0.173100 0.074960 0.077061
6 0.494343 0.739949 0.062089 0.101116
6 0.313332 0.616184 0.062089 0.101116
6 0.613132 0.604581 0.062089 0.101116
6 0.505657 0.484684 0.062089 0.101116
6 0.686668 0.608449 0.062089 0.101116
6 0.488687 0.689669 0.062089 0.101116
6 0.386868 0.620052 0.062089 0.101116
6 0.511313 0.534963 0.062089 0.101116
6 0.528736 0.755426 0.051149 0.077975
6 0.385058 0.558949 0.051149 0.077975
6 0.636494 0.681747 0.051149 0.077975
6 0.363506 0.495095 0.051149 0.077975
6 0.614942 0.617892 0.051149 0.077975
6 0.435345 0.691571 0.051149 0.077975
6 0.471264 0.421416 0.051149 0.077975
6 0.327586 0.421416 0.051149 0.077975
6 0.672414 0.755426 0.051149 0.077975
6 0.464080 0.612980 0.051149 0.077975
6 0.255747 0.568773 0.051149 0.077975
6 0.744253 0.608069 0.051149 0.077975
6 0.456897 0.509830 0.051149 0.077975
6 0.564655 0.485271 0.051149 0.077975
6 0.535920 0.563861 0.051149 0.077975
6 0.744253 0.706307 0.051149 0.077975
6 0.255747 0.470535 0.051149 0.077975
6 0.650862 0.544214 0.051149 0.077975
6 0.349138 0.632628 0.051149 0.077975
6 0.543103 0.667012 0.051149 0.077975
6 0.596983 0.680514 0.061954 0.095188
6 0.403017 0.547892 0.061954 0.095188
6 0.345546 0.582277 0.092471 0.162724
6 0.438937 0.434920 0.092471 0.162724
6 0.729885 0.658412 0.092471 0.162724
6 0.636494 0.722267 0.092471 0.162724
6 0.654454 0.599477 0.051149 0.082887
6 0.654454 0.547894 0.092471 0.162724
6 0.672414 0.732089 0.061954 0.095188
6 0.636494 0.773850 0.051149 0.082887
6 0.327586 0.496317 0.061954 0.095188
6 0.690374 0.606837 0.092471 0.162724
6 0.428161 0.614205 0.092471 0.162724
6 0.270115 0.471759 0.092471 0.162724
6 0.525144 0.459479 0.092471 0.162724
6 0.571839 0.515966 0.092471 0.162724
6 0.561063 0.695251 0.092471 0.162724
6 0.309626 0.523334 0.092471 0.162724
6 0.729885 0.709995 0.051149 0.082887
6 0.690374 0.658420 0.051149 0.082887
6 0.363506 0.407904 0.092471 0.162724
6 0.309626 0.574918 0.051149 0.082887
6 0.474856 0.670692 0.092471 0.162724
6 0.571839 0.567550 0.051149 0.082887
6 0.363506 0.459488 0.051149 0.082887
6 0.561063 0.746835 0.051149 0.082887
6 0.345546 0.633861 0.051149 0.082887
6 0.428161 0.665788 0.051149 0.082887
6 0.438937 0.486503 0.051149 0.082887
6 0.474856 0.722275 0.051149 0.082887
