19 0.350216 0.557411 0.045776 0.064391
19 0.318750 0.540291 0.067328 0.071737
19 0.343894 0.557434 0.067328 0.071737
19 0.312428 0.548889 0.045776 0.064391
19 0.337572 0.566032 0.045776 0.064391
19 0.325072 0.540269 0.045776 0.064391
18 0.337644 0.533575 0.045776 0.076638
18 0.325000 0.542195 0.045776 0.076638
19 0.734267 0.615011 0.045776 0.064391
19 0.753089 0.589271 0.067328 0.071737
19 0.746767 0.589248 0.045776 0.064391
19 0.727945 0.606414 0.067328 0.071737
19 0.759411 0.597869 0.045776 0.064391
19 0.721624 0.606391 0.045776 0.064391
18 0.746839 0.591175 0.045776 0.076638
18 0.734195 0.582554 0.045776 0.076638
19 0.272055 0.261304 0.067328 0.071737
19 0.240589 0.278424 0.045776 0.064391
19 0.278376 0.269901 0.045776 0.064391
19 0.246911 0.278447 0.067328 0.071737
19 0.253233 0.287044 0.045776 0.064391
18 0.253161 0.254587 0.045776 0.076638
19 0.265733 0.261281 0.045776 0.064391
18 0.265805 0.263207 0.045776 0.076638
19 0.568247 0.721620 0.111925 0.182975
19 0.598635 0.271100 0.067328 0.071737
19 0.592313 0.279697 0.045776 0.064391
19 0.623779 0.288243 0.067328 0.071737
19 0.630101 0.288220 0.045776 0.064391
19 0.617457 0.296840 0.045776 0.064391
18 0.617529 0.264383 0.045776 0.076638
19 0.604957 0.271077 0.045776 0.064391
18 0.604885 0.273003 0.045776 0.076638
19 0.866379 0.523252 0.111925 0.182975
19 0.133621 0.425293 0.111925 0.182975
19 0.428161 0.224477 0.111925 0.182975
2 0.500000 0.623686 0.897069 0.649698
1 0.500000 0.474274 0.897069 0.718281
6 0.428161 0.157042 0.099368 0.211153
6 0.866379 0.455818 0.099368 0.211153
6 0.568247 0.654185 0.099368 0.211153
6 0.133621 0.357858 0.099368 0.211153
19 0.505388 0.611431 0.121207 0.181953
19 0.433549 0.562452 0.121207 0.181953
19 0.566451 0.569799 0.121207 0.181953
19 0.327586 0.448574 0.121207 0.181953
6 0.351832 0.667146 0.600733 0.508892
6 0.654454 0.683617 0.063736 0.142769
19 0.672414 0.683676 0.121207 0.181953
19 0.596983 0.632248 0.121207 0.181953
19 0.403017 0.500003 0.121207 0.181953
19 0.494612 0.520819 0.121207 0.181953
6 0.691271 0.494483 0.061954 0.192992
6 0.251257 0.643878 0.056552 0.098681
6 0.308729 0.637748 0.061954 0.192992
6 0.748743 0.578980 0.056552 0.098681
6 0.547593 0.441837 0.056552 0.098681
6 0.820582 0.577747 0.061954 0.202789
6 0.605065 0.435707 0.061954 0.192992
6 0.475754 0.342645 0.061954 0.202789
6 0.524246 0.779788 0.061954 0.202789
6 0.179418 0.544686 0.061954 0.202789
6 0.394935 0.696524 0.061954 0.192992
6 0.452407 0.781021 0.056552 0.098681
6 0.783764 0.627045 0.070632 0.181764
6 0.228808 0.408748 0.063736 0.212617
6 0.575431 0.769085 0.070632 0.181764
6 0.424569 0.382147 0.070632 0.181764
6 0.771192 0.602218 0.063736 0.212617
6 0.216236 0.524187 0.070632 0.181764
6 0.358118 0.320585 0.063736 0.212617
6 0.640086 0.689156 0.063736 0.212617
6 0.650862 0.463268 0.595345 0.505218
6 0.474856 0.722868 0.051149 0.082751
6 0.729885 0.710623 0.051149 0.082751
6 0.455313 0.506155 0.074960 0.076941
6 0.505657 0.485952 0.062089 0.100928
6 0.686668 0.609365 0.062089 0.100928
6 0.386868 0.620935 0.062089 0.100928
6 0.494343 0.740492 0.062089 0.100928
6 0.313332 0.617078 0.062089 0.100928
6 0.511313 0.536089 0.062089 0.100928
6 0.613132 0.605508 0.062089 0.100928
6 0.488687 0.690355 0.062089 0.100928
6 0.471264 0.422864 0.051149 0.077852
6 0.614942 0.618782 0.051149 0.077852
6 0.363506 0.496333 0.051149 0.077852
6 0.636494 0.682455 0.051149 0.077852
6 0.385058 0.560007 0.051149 0.077852
6 0.564655 0.486537 0.051149 0.077852
6 0.528736 0.755925 0.051149 0.077852
6 0.672414 0.755925 0.051149 0.077852
6 0.327586 0.422864 0.051149 0.077852
6 0.535920 0.564904 0.051149 0.077852
6 0.744253 0.608986 0.051149 0.077852
6 0.255747 0.569802 0.051149 0.077852
6 0.543103 0.667762 0.051149 0.077852
6 0.435345 0.692251 0.051149 0.077852
6 0.464080 0.613884 0.051149 0.077852
6 0.255747 0.471843 0.051149 0.077852
6 0.744253 0.706945 0.051149 0.077852
6 0.349138 0.633476 0.051149 0.077852
6 0.650862 0.545313 0.051149 0.077852
6 0.456897 0.511027 0.051149 0.077852
6 0.403017 0.548981 0.061954 0.095017
6 0.596983 0.681225 0.061954 0.095017
6 0.654454 0.548982 0.092471 0.162361
6 0.561063 0.695921 0.092471 0.162361
6 0.270115 0.473064 0.092471 0.162361
6 0.363506 0.409391 0.092471 0.162361
6 0.345546 0.634705 0.051149 0.082751
6 0.345546 0.583268 0.092471 0.162361
6 0.327586 0.497552 0.061954 0.095017
6 0.363506 0.460827 0.051149 0.082751
6 0.672414 0.732654 0.061954 0.095017
6 0.309626 0.524493 0.092471 0.162361
6 0.571839 0.517146 0.092471 0.162361
6 0.729885 0.659186 0.092471 0.162361
6 0.474856 0.671431 0.092471 0.162361
6 0.428161 0.615105 0.092471 0.162361
6 0.438937 0.436329 0.092471 0.162361
6 0.690374 0.607758 0.092471 0.162361
6 0.270115 0.524501 0.051149 0.082751
6 0.309626 0.575929 0.051149 0.082751
6 0.636494 0.722860 0.092471 0.162361
6 0.690374 0.659195 0.051149 0.082751
6 0.525144 0.460819 0.092471 0.162361
6 0.428161 0.666542 0.051149 0.082751
6 0.636494 0.774297 0.051149 0.082751
6 0.438937 0.487766 0.051149 0.082751
6 0.654454 0.600419 0.051149 0.082751
6 0.571839 0.568583 0.051149 0.082751
6 0.561063 0.747358 0.051149 0.082751
6 0.525144 0.512256 0.051149 0.082751
