19 0.282786 0.898215 0.067582 0.100640
19 0.717214 0.898215 0.067582 0.100640
19 0.282786 0.898215 0.067582 0.100640
19 0.873239 0.898215 0.067582 0.100640
19 0.717214 0.898215 0.067582 0.100640
19 0.500000 0.898215 0.067582 0.100640
19 0.500000 0.898215 0.067582 0.100640
19 0.126761 0.898215 0.067582 0.100640
19 0.873239 0.898215 0.067582 0.100640
19 0.500000 0.898215 0.067582 0.100640
13 0.500000 0.739585 0.897069 0.374139
4 0.500000 0.487966 0.897069 0.199100
6 0.656123 0.476457 0.089304 0.521959
6 0.656123 0.476457 0.089304 0.521959
2 0.500000 0.762754 0.686642 0.124405
1 0.500000 0.151016 0.897069 0.199100
6 0.878428 0.487966 0.075728 0.242859
5 0.500000 0.698057 0.686642 0.078760
3 0.500000 0.319491 0.897069 0.207852
6 0.121572 0.487966 0.075728 0.242859
6 0.343877 0.476457 0.089304 0.521959
6 0.795275 0.740725 0.065547 0.155344
6 0.343877 0.476457 0.089304 0.521959
6 0.121572 0.632595 0.075729 0.582002
6 0.204725 0.740725 0.065547 0.155344
6 0.204725 0.740725 0.065547 0.155344
6 0.878428 0.632595 0.075729 0.582002
6 0.121572 0.632595 0.075729 0.582002
6 0.878428 0.632595 0.075729 0.582002
6 0.878428 0.632595 0.075729 0.582002
6 0.121572 0.632595 0.075729 0.582002
6 0.795275 0.740725 0.065547 0.155344
6 0.204725 0.740725 0.065547 0.155344
6 0.540728 0.740725 0.065547 0.155344
6 0.795275 0.740725 0.065547 0.155344
6 0.459272 0.740725 0.065547 0.155344
6 0.795275 0.740725 0.065547 0.155344
6 0.856367 0.254947 0.115959 0.406963
6 0.856367 0.254947 0.115959 0.406963
6 0.343879 0.521511 0.106212 0.358747
6 0.656124 0.521511 0.106212 0.358747
6 0.255634 0.614828 0.102362 0.450723
6 0.255634 0.614828 0.102365 0.450723
6 0.204725 0.740725 0.065547 0.155344
6 0.744366 0.614828 0.102365 0.450723
17 0.500000 0.920094 0.897069 0.056880
6 0.744366 0.614828 0.102365 0.450723
6 0.143633 0.254947 0.115959 0.406963
6 0.143633 0.254947 0.115959 0.406963
6 0.656124 0.521511 0.106212 0.358747
6 0.343879 0.521511 0.106212 0.358747
5 0.581455 0.701208 0.116478 0.297734
5 0.722644 0.701208 0.116478 0.297734
5 0.547516 0.701208 0.116499 0.297734
5 0.418545 0.701208 0.116481 0.297734
5 0.418545 0.701208 0.116457 0.297734
5 0.581455 0.701208 0.116457 0.297734
5 0.418545 0.701208 0.116457 0.297734
5 0.581455 0.701208 0.116481 0.297734
5 0.418545 0.701208 0.116478 0.297734
5 0.418545 0.701208 0.116481 0.297734
5 0.418545 0.701208 0.116478 0.297734
5 0.722644 0.701208 0.116457 0.297734
5 0.722644 0.701208 0.116481 0.297734
5 0.690062 0.701208 0.116503 0.297734
5 0.662911 0.701208 0.116506 0.297734
5 0.277356 0.701208 0.116478 0.297734
5 0.309938 0.701208 0.116506 0.297734
5 0.452484 0.701208 0.116502 0.297734
5 0.337089 0.701208 0.116503 0.297734
6 0.547516 0.835334 0.065547 0.177224
6 0.418545 0.835334 0.065547 0.177224
6 0.722644 0.835334 0.065547 0.177224
5 0.277356 0.701208 0.116481 0.297734
6 0.581455 0.835334 0.065547 0.177224
5 0.277356 0.701208 0.116457 0.297734
6 0.418545 0.835334 0.065547 0.177224
6 0.581455 0.835334 0.065547 0.177224
6 0.418545 0.835334 0.065547 0.177224
6 0.418545 0.835334 0.065547 0.177224
6 0.418545 0.835334 0.065547 0.177224
6 0.722644 0.835334 0.065547 0.177224
6 0.581455 0.835334 0.065547 0.177224
6 0.418545 0.835334 0.065547 0.177224
6 0.722644 0.835334 0.065547 0.177224
6 0.277356 0.835334 0.065547 0.177224
6 0.277356 0.835334 0.065547 0.177224
6 0.662911 0.835334 0.065547 0.177224
6 0.690062 0.835334 0.065547 0.177224
6 0.337089 0.835334 0.065547 0.177224
6 0.452484 0.835334 0.065547 0.177224
19 0.500000 0.898215 0.067582 0.100640
19 0.873239 0.898215 0.067582 0.100640
6 0.309938 0.835334 0.065547 0.177224
6 0.277356 0.835334 0.065547 0.177224
19 0.126761 0.898215 0.067582 0.100640
19 0.126761 0.898215 0.067582 0.100640
