19 0.693965 0.898215 0.060862 0.100640
19 0.306035 0.898215 0.060862 0.100640
19 0.306035 0.898215 0.060862 0.100640
19 0.890016 0.898215 0.060862 0.100640
19 0.693965 0.898215 0.060862 0.100640
19 0.397629 0.898215 0.060862 0.100640
19 0.890016 0.898215 0.060862 0.100640
19 0.890016 0.898215 0.060862 0.100640
19 0.500000 0.898215 0.060862 0.100640
19 0.602371 0.898215 0.060862 0.100640
13 0.500000 0.739585 0.897069 0.374139
4 0.500000 0.487966 0.897069 0.199100
6 0.101293 0.476457 0.078103 0.521959
6 0.898707 0.476457 0.078103 0.521959
2 0.500000 0.762754 0.897069 0.124405
1 0.500000 0.151016 0.897069 0.199100
6 0.801724 0.487966 0.067328 0.242859
5 0.500000 0.698057 0.897069 0.078760
3 0.500000 0.319491 0.897069 0.207852
6 0.198276 0.487966 0.067328 0.242859
6 0.106681 0.476457 0.078103 0.521959
6 0.095905 0.740725 0.059247 0.155344
6 0.898707 0.476457 0.078103 0.521959
6 0.543103 0.632595 0.067328 0.582002
6 0.095905 0.740725 0.059247 0.155344
6 0.634698 0.740725 0.059247 0.155344
6 0.801724 0.632595 0.067328 0.582002
6 0.198276 0.632595 0.067328 0.582002
6 0.198276 0.632595 0.067328 0.582002
6 0.456897 0.632595 0.067328 0.582002
6 0.801724 0.632595 0.067328 0.582002
6 0.365302 0.740725 0.059247 0.155344
6 0.349138 0.740725 0.059247 0.155344
6 0.683190 0.740725 0.059247 0.155344
6 0.650862 0.740725 0.059247 0.155344
6 0.316810 0.740725 0.059247 0.155344
6 0.904095 0.740725 0.059247 0.155344
6 0.130927 0.254947 0.099261 0.406963
6 0.869073 0.254947 0.099261 0.406963
6 0.106673 0.521511 0.091547 0.358747
6 0.898699 0.521511 0.091547 0.358747
6 0.163793 0.614828 0.088469 0.450723
6 0.844827 0.614828 0.088471 0.450723
6 0.904095 0.740725 0.059247 0.155344
6 0.155173 0.614828 0.088471 0.450723
17 0.500000 0.920094 0.897069 0.056880
6 0.844827 0.614828 0.088471 0.450723
6 0.139009 0.254947 0.099261 0.406963
6 0.869073 0.254947 0.099261 0.406963
6 0.101285 0.521511 0.091547 0.358747
6 0.898699 0.521511 0.091547 0.358747
5 0.635776 0.701208 0.099673 0.297734
5 0.635776 0.701208 0.099673 0.297734
5 0.756465 0.701208 0.099690 0.297734
5 0.364224 0.701208 0.099675 0.297734
5 0.500000 0.701208 0.099656 0.297734
5 0.500000 0.701208 0.099656 0.297734
5 0.500000 0.701208 0.099656 0.297734
5 0.364224 0.701208 0.099675 0.297734
5 0.635776 0.701208 0.099673 0.297734
5 0.364224 0.701208 0.099675 0.297734
5 0.635776 0.701208 0.099673 0.297734
5 0.500000 0.701208 0.099656 0.297734
5 0.364224 0.701208 0.099675 0.297734
5 0.780172 0.701208 0.099693 0.297734
5 0.219828 0.701208 0.099695 0.297734
5 0.635776 0.701208 0.099673 0.297734
5 0.219828 0.701208 0.099695 0.297734
5 0.243535 0.701208 0.099692 0.297734
5 0.780172 0.701208 0.099693 0.297734
6 0.756465 0.835334 0.059247 0.177224
6 0.635776 0.835334 0.059247 0.177224
6 0.500000 0.835334 0.059247 0.177224
5 0.364224 0.701208 0.099675 0.297734
6 0.364224 0.835334 0.059247 0.177224
5 0.500000 0.701208 0.099656 0.297734
6 0.500000 0.835334 0.059247 0.177224
6 0.635776 0.835334 0.059247 0.177224
6 0.364224 0.835334 0.059247 0.177224
6 0.500000 0.835334 0.059247 0.177224
6 0.364224 0.835334 0.059247 0.177224
6 0.635776 0.835334 0.059247 0.177224
6 0.500000 0.835334 0.059247 0.177224
6 0.635776 0.835334 0.059247 0.177224
6 0.364224 0.835334 0.059247 0.177224
6 0.500000 0.835334 0.059247 0.177224
6 0.635776 0.835334 0.059247 0.177224
6 0.219828 0.835334 0.059247 0.177224
6 0.780172 0.835334 0.059247 0.177224
6 0.780172 0.835334 0.059247 0.177224
6 0.243535 0.835334 0.059247 0.177224
19 0.109984 0.898215 0.060862 0.100640
19 0.109984 0.898215 0.060862 0.100640
6 0.219828 0.835334 0.059247 0.177224
6 0.364224 0.835334 0.059247 0.177224
19 0.500000 0.898215 0.060862 0.100640
19 0.109984 0.898215 0.060862 0.100640
