19 0.879622 0.466899 0.094681 0.081336
6 0.891240 0.486203 0.091232 0.144483
19 0.879622 0.516329 0.094681 0.081336
6 0.747046 0.452894 0.185528 0.121800
18 0.403627 0.537700 0.054894 0.099875
19 0.509181 0.328448 0.054045 0.059318
6 0.256593 0.381975 0.185528 0.121800
6 0.696989 0.452183 0.185528 0.121800
6 0.316273 0.354176 0.185528 0.121800
6 0.279802 0.327913 0.185528 0.121800
6 0.329536 0.236780 0.185528 0.121800
18 0.453399 0.518247 0.054894 0.099875
19 0.348579 0.348494 0.054045 0.059318
19 0.389932 0.515742 0.045208 0.052116
18 0.392345 0.507895 0.054894 0.099875
19 0.391612 0.273684 0.054045 0.059318
19 0.879622 0.358672 0.094681 0.081336
6 0.891240 0.377976 0.091232 0.144483
19 0.879622 0.408102 0.094681 0.081336
18 0.291913 0.381052 0.094681 0.072068
6 0.361540 0.377982 0.068156 0.190702
19 0.371487 0.434208 0.053249 0.048144
19 0.334220 0.439952 0.078103 0.064346
19 0.386030 0.377021 0.071983 0.061935
19 0.359505 0.389373 0.070873 0.060393
6 0.366050 0.376975 0.138447 0.101723
18 0.398410 0.360110 0.054894 0.078250
18 0.333690 0.390257 0.054894 0.078250
18 0.362681 0.376951 0.043218 0.054277
6 0.326793 0.394168 0.068156 0.190702
6 0.334220 0.355970 0.187518 0.124590
18 0.388065 0.336263 0.094681 0.072068
19 0.368967 0.442302 0.078103 0.064346
19 0.368967 0.423766 0.078103 0.064346
19 0.371487 0.415672 0.053249 0.048144
19 0.334220 0.458488 0.078103 0.064346
19 0.336740 0.450394 0.053249 0.048144
19 0.336740 0.431857 0.053249 0.048144
19 0.354777 0.544112 0.078103 0.064346
19 0.348013 0.549611 0.053247 0.048141
6 0.343371 0.474540 0.074787 0.226539
19 0.358623 0.557026 0.053247 0.048141
19 0.346819 0.560176 0.078103 0.064346
19 0.343371 0.388037 0.051551 0.065942
18 0.827448 0.540932 0.094681 0.072068
6 0.757821 0.594945 0.068156 0.190702
19 0.747874 0.641904 0.053249 0.048144
19 0.785141 0.617624 0.078103 0.064346
19 0.733331 0.563528 0.071983 0.061935
19 0.759856 0.551170 0.070873 0.060393
6 0.753311 0.557366 0.138447 0.101723
18 0.720951 0.570648 0.054894 0.078250
18 0.785671 0.540500 0.054894 0.078250
18 0.756680 0.560480 0.043218 0.054277
6 0.792568 0.578759 0.068156 0.190702
6 0.785141 0.566014 0.187518 0.124590
18 0.731296 0.585721 0.094681 0.072068
19 0.750394 0.652346 0.078103 0.064346
19 0.750394 0.633810 0.078103 0.064346
19 0.747874 0.623368 0.053249 0.048144
19 0.785141 0.636160 0.078103 0.064346
19 0.782621 0.625718 0.053249 0.048144
19 0.782621 0.607182 0.053249 0.048144
19 0.764584 0.742418 0.078103 0.064346
19 0.771348 0.736920 0.053247 0.048141
6 0.775990 0.676058 0.074787 0.226539
19 0.760738 0.754219 0.053247 0.048141
19 0.772542 0.751069 0.078103 0.064346
19 0.775990 0.589555 0.051551 0.065942
19 0.486737 0.605114 0.150489 0.184568
19 0.509947 0.316304 0.150489 0.184568
4 0.500000 0.523269 0.897055 0.461269
5 0.500000 0.560342 0.897055 0.485984
6 0.486737 0.606659 0.127306 0.318970
6 0.194965 0.470748 0.127306 0.318970
6 0.509947 0.317849 0.127306 0.318970
19 0.194965 0.469203 0.150489 0.184568
3 0.500000 0.463026 0.897069 0.532331
6 0.805035 0.458393 0.127306 0.318970
19 0.805035 0.456848 0.150489 0.184568
2 0.500000 0.713266 0.897055 0.470537
6 0.805035 0.336166 0.150489 0.233998
1 0.500000 0.342343 0.897055 0.581755
6 0.486737 0.484432 0.150489 0.233998
6 0.546418 0.736036 0.100781 0.220112
6 0.320958 0.631014 0.100781 0.220112
6 0.194965 0.348521 0.150489 0.233998
6 0.509947 0.195622 0.150489 0.233998
6 0.718829 0.542527 0.088050 0.308506
6 0.470159 0.714067 0.064814 0.107586
6 0.496684 0.469221 0.084760 0.234273
6 0.309353 0.729471 0.515761 0.370161
6 0.868031 0.642198 0.084760 0.234273
6 0.506631 0.641371 0.088050 0.308506
6 0.566312 0.669278 0.064814 0.107586
6 0.679042 0.674258 0.100781 0.220112
6 0.211543 0.676175 0.084760 0.234273
6 0.470159 0.654565 0.141099 0.195640
6 0.690647 0.551860 0.515761 0.370161
6 0.281170 0.536349 0.088050 0.308506
6 0.606099 0.690087 0.141099 0.195640
6 0.423741 0.775019 0.084760 0.234273
6 0.566312 0.609777 0.141099 0.195640
6 0.788457 0.605131 0.084760 0.234273
6 0.496684 0.432872 0.088050 0.308506
6 0.450266 0.567692 0.100781 0.220112
6 0.393901 0.591243 0.141099 0.195640
6 0.606099 0.749589 0.064814 0.107586
6 0.393901 0.650745 0.064814 0.107586
6 0.576258 0.506287 0.084760 0.234273
6 0.652517 0.778928 0.064814 0.089049
6 0.692304 0.630662 0.064814 0.089049
6 0.267908 0.599774 0.064814 0.089049
6 0.364243 0.763305 0.085009 0.118154
6 0.586205 0.581240 0.064814 0.089049
6 0.427057 0.694716 0.074787 0.102963
6 0.314326 0.450695 0.074787 0.102963
6 0.705567 0.441428 0.074787 0.102963
6 0.791772 0.574250 0.074787 0.102963
6 0.370692 0.807462 0.074787 0.115321
6 0.347482 0.562707 0.064814 0.089049
6 0.307695 0.710973 0.064814 0.089049
6 0.771879 0.667729 0.064814 0.089049
6 0.317642 0.725597 0.084760 0.234273
6 0.493369 0.797462 0.064814 0.089049
6 0.228121 0.673907 0.064814 0.089049
6 0.735407 0.637574 0.074787 0.115321
6 0.264593 0.758040 0.074787 0.115321
6 0.294433 0.632939 0.074787 0.102963
6 0.503315 0.812086 0.084760 0.234273
6 0.131969 0.639109 0.084760 0.234273
6 0.506631 0.544174 0.064814 0.089049
6 0.682358 0.555709 0.084760 0.234273
6 0.732091 0.741862 0.064814 0.089049
6 0.629308 0.588152 0.074787 0.115321
6 0.635756 0.636831 0.085009 0.118154
6 0.413794 0.760395 0.064814 0.089049
6 0.572943 0.379651 0.074787 0.102963
6 0.161809 0.571161 0.074787 0.102963
6 0.208227 0.500117 0.074787 0.102963
6 0.420425 0.401273 0.074787 0.102963
6 0.838191 0.503206 0.074787 0.102963
6 0.685673 0.623672 0.074787 0.102963
6 0.579574 0.673094 0.074787 0.102963
6 0.500000 0.537184 0.074787 0.102963
6 0.685673 0.575792 0.088051 0.266703
6 0.314326 0.600503 0.088051 0.266703
6 0.526525 0.501659 0.088051 0.266703
6 0.539787 0.654550 0.081419 0.146217
6 0.460213 0.419796 0.081419 0.146217
6 0.248015 0.518640 0.081419 0.146217
6 0.751985 0.555706 0.081419 0.146217
6 0.473475 0.674636 0.088051 0.266703
18 0.172552 0.436652 0.094681 0.072068
6 0.242179 0.433582 0.068156 0.190702
19 0.252126 0.489808 0.053249 0.048144
19 0.214859 0.495552 0.078103 0.064346
19 0.266668 0.432620 0.071983 0.061935
19 0.240144 0.444973 0.070873 0.060393
6 0.246688 0.432575 0.138447 0.101723
18 0.279049 0.415710 0.054894 0.078250
18 0.214328 0.445857 0.054894 0.078250
18 0.243320 0.432551 0.043218 0.054277
6 0.207432 0.449768 0.068156 0.190702
6 0.214859 0.411570 0.187518 0.124590
18 0.268704 0.391863 0.094681 0.072068
19 0.249606 0.497902 0.078103 0.064346
19 0.249606 0.479366 0.078103 0.064346
19 0.252126 0.471271 0.053249 0.048144
19 0.214859 0.514088 0.078103 0.064346
19 0.217378 0.505993 0.053249 0.048144
19 0.217378 0.487457 0.053249 0.048144
19 0.235415 0.599712 0.078103 0.064346
19 0.228652 0.605210 0.053247 0.048141
6 0.224010 0.530139 0.074787 0.226539
19 0.239262 0.612626 0.053247 0.048141
19 0.227458 0.615776 0.078103 0.064346
19 0.224010 0.443637 0.051551 0.065942
6 0.655180 0.331841 0.074787 0.109142
6 0.655180 0.477220 0.074787 0.121500
6 0.496032 0.403087 0.074787 0.121500
6 0.320305 0.277786 0.074787 0.109142
6 0.549081 0.560620 0.074787 0.121500
6 0.429720 0.226819 0.074787 0.109142
6 0.545765 0.382807 0.074787 0.109142
6 0.353461 0.435520 0.074787 0.121500
18 0.708087 0.596532 0.094681 0.072068
6 0.638459 0.650545 0.068156 0.190702
19 0.628513 0.697504 0.053249 0.048144
19 0.665780 0.673224 0.078103 0.064346
19 0.613970 0.619128 0.071983 0.061935
19 0.640494 0.606770 0.070873 0.060393
6 0.633950 0.612965 0.138447 0.101723
18 0.601590 0.626247 0.054894 0.078250
18 0.666310 0.596100 0.054894 0.078250
18 0.637318 0.616079 0.043218 0.054277
6 0.673207 0.634359 0.068156 0.190702
6 0.665780 0.621614 0.187518 0.124590
18 0.611934 0.641320 0.094681 0.072068
19 0.631032 0.707946 0.078103 0.064346
19 0.631032 0.689409 0.078103 0.064346
19 0.628513 0.678968 0.053249 0.048144
19 0.665780 0.691760 0.078103 0.064346
19 0.663260 0.681318 0.053249 0.048144
19 0.663260 0.662782 0.053249 0.048144
19 0.645223 0.798018 0.078103 0.064346
19 0.651986 0.792519 0.053247 0.048141
6 0.656629 0.731658 0.074787 0.226539
19 0.641376 0.809819 0.053247 0.048141
19 0.653180 0.806669 0.078103 0.064346
19 0.656629 0.645155 0.051551 0.065942
