19 0.768184 0.497293 0.069272 0.069699
6 0.768184 0.543559 0.097603 0.190915
19 0.768184 0.589825 0.069272 0.069699
6 0.816795 0.306262 0.263479 0.066229
18 0.519033 0.466989 0.052136 0.139098
19 0.600993 0.084349 0.051405 0.063916
6 0.183205 0.387227 0.263479 0.066229
6 0.816238 0.261847 0.263479 0.066229
6 0.183205 0.387227 0.263479 0.066229
6 0.183205 0.306262 0.263479 0.066229
6 0.183205 0.179032 0.263479 0.066229
18 0.525931 0.466989 0.052136 0.139098
19 0.499721 0.084349 0.051405 0.063916
19 0.499721 0.433493 0.043793 0.058139
18 0.454199 0.466989 0.052136 0.139098
19 0.398450 0.084349 0.051405 0.063916
19 0.768184 0.294696 0.069272 0.069699
6 0.768184 0.340962 0.097603 0.190915
19 0.768184 0.387227 0.069272 0.069699
18 0.121246 0.479019 0.120680 0.052350
6 0.128443 0.526700 0.069272 0.297558
19 0.145578 0.623280 0.057854 0.043692
19 0.141238 0.605931 0.092120 0.052350
19 0.177697 0.496395 0.080846 0.053173
19 0.177697 0.496390 0.080846 0.051255
6 0.166142 0.490585 0.076127 0.069700
18 0.166142 0.487231 0.052136 0.098615
18 0.166142 0.487231 0.052136 0.098615
18 0.160339 0.493477 0.042078 0.063921
6 0.128443 0.526700 0.069272 0.297558
6 0.111307 0.479019 0.103544 0.069717
18 0.121246 0.479019 0.120680 0.052350
19 0.141238 0.640630 0.092120 0.052350
19 0.141238 0.605931 0.092120 0.052350
19 0.145578 0.588581 0.057854 0.043692
19 0.141238 0.640630 0.092120 0.052350
19 0.145578 0.623280 0.057854 0.043692
19 0.145578 0.588581 0.057854 0.043692
19 0.139867 0.820228 0.092120 0.052350
19 0.144209 0.820228 0.057854 0.043689
6 0.127072 0.692997 0.069272 0.358860
19 0.144209 0.843361 0.057854 0.043689
19 0.139867 0.843361 0.092120 0.052350
19 0.127072 0.531067 0.049257 0.078490
18 0.878196 0.479019 0.120680 0.052350
6 0.870999 0.526700 0.069272 0.297558
19 0.853864 0.623280 0.057854 0.043692
19 0.858205 0.605931 0.092120 0.052350
19 0.821746 0.496395 0.080846 0.053173
19 0.821746 0.496390 0.080846 0.051255
6 0.833300 0.490585 0.076127 0.069700
18 0.833300 0.487231 0.052136 0.098615
18 0.833300 0.487231 0.052136 0.098615
18 0.839104 0.493477 0.042078 0.063921
6 0.870999 0.526700 0.069272 0.297558
6 0.888135 0.479019 0.103544 0.069717
18 0.878196 0.479019 0.120680 0.052350
19 0.858205 0.640630 0.092120 0.052350
19 0.858205 0.605931 0.092120 0.052350
19 0.853864 0.588581 0.057854 0.043692
19 0.858205 0.640630 0.092120 0.052350
19 0.853864 0.623280 0.057854 0.043692
19 0.853864 0.588581 0.057854 0.043692
19 0.859575 0.820228 0.092120 0.052350
19 0.855234 0.820228 0.057854 0.043689
6 0.872370 0.692997 0.069272 0.358860
19 0.855234 0.843361 0.057854 0.043689
19 0.859575 0.843361 0.092120 0.052350
19 0.872370 0.531067 0.049257 0.078490
19 0.751048 0.430785 0.134480 0.214282
19 0.236971 0.430785 0.134480 0.214282
4 0.499721 0.543559 0.743284 0.081266
5 0.499721 0.612958 0.743284 0.127531
6 0.751048 0.433677 0.114511 0.486093
6 0.248395 0.433677 0.114511 0.486093
6 0.236971 0.433677 0.114511 0.486093
19 0.248395 0.430785 0.134480 0.214282
3 0.499721 0.430787 0.743297 0.214280
6 0.751048 0.433677 0.114511 0.486093
19 0.751048 0.430785 0.134480 0.214282
2 0.499721 0.899227 0.743285 0.098616
6 0.751048 0.204873 0.134480 0.306814
1 0.499721 0.204871 0.743285 0.306811
6 0.751048 0.204873 0.134480 0.306814
6 0.693928 0.785730 0.091663 0.324163
6 0.305514 0.785730 0.091663 0.324163
6 0.248395 0.204873 0.134480 0.306814
6 0.236971 0.204873 0.134480 0.306814
6 0.693928 0.573827 0.080696 0.500736
6 0.499721 0.874706 0.060681 0.144881
6 0.179851 0.763298 0.077863 0.364643
6 0.499721 0.763321 0.743284 0.243196
6 0.819592 0.763298 0.077863 0.364643
6 0.693928 0.573827 0.080696 0.500736
6 0.499721 0.874706 0.060681 0.144881
6 0.693928 0.785730 0.091663 0.324163
6 0.316938 0.763298 0.077863 0.364643
6 0.499721 0.763321 0.126392 0.243196
6 0.499721 0.763321 0.743284 0.243196
6 0.305514 0.573827 0.080696 0.500736
6 0.682504 0.763321 0.126392 0.243196
6 0.682504 0.763298 0.077863 0.364643
6 0.499721 0.763321 0.126392 0.243196
6 0.682504 0.763298 0.077863 0.364643
6 0.299802 0.573827 0.080696 0.500736
6 0.299802 0.785730 0.091663 0.324163
6 0.316938 0.763321 0.126392 0.243196
6 0.682504 0.874706 0.060681 0.144881
6 0.316938 0.874706 0.060681 0.144881
6 0.316938 0.763298 0.077863 0.364643
6 0.831016 0.819765 0.060681 0.110182
6 0.591113 0.819765 0.060681 0.110182
6 0.168427 0.819765 0.060681 0.110182
6 0.499721 0.874521 0.081169 0.147055
6 0.408330 0.819765 0.060681 0.110182
6 0.728200 0.569606 0.069272 0.127531
6 0.179851 0.569606 0.069272 0.127531
6 0.499721 0.569606 0.069272 0.127531
6 0.819592 0.569606 0.069272 0.127531
6 0.591113 0.870288 0.069272 0.150664
6 0.168427 0.819765 0.060681 0.110182
6 0.408330 0.819765 0.060681 0.110182
6 0.728200 0.819765 0.060681 0.110182
6 0.499721 0.763298 0.077863 0.364643
6 0.728200 0.819765 0.060681 0.110182
6 0.271242 0.819765 0.060681 0.110182
6 0.591113 0.870288 0.069272 0.150664
6 0.408330 0.870288 0.069272 0.150664
6 0.499721 0.569606 0.069272 0.127531
6 0.819592 0.763298 0.077863 0.364643
6 0.179851 0.763298 0.077863 0.364643
6 0.271242 0.819765 0.060681 0.110182
6 0.499721 0.763298 0.077863 0.364643
6 0.831016 0.819765 0.060681 0.110182
6 0.408330 0.870288 0.069272 0.150664
6 0.499721 0.874521 0.081169 0.147055
6 0.591113 0.819765 0.060681 0.110182
6 0.271242 0.569606 0.069272 0.127531
6 0.271242 0.569606 0.069272 0.127531
6 0.179851 0.569606 0.069272 0.127531
6 0.179851 0.569606 0.069272 0.127531
6 0.728200 0.569606 0.069272 0.127531
6 0.819592 0.569606 0.069272 0.127531
6 0.819592 0.569606 0.069272 0.127531
6 0.499721 0.569606 0.069272 0.127531
6 0.636809 0.665010 0.080697 0.422482
6 0.362634 0.665010 0.080697 0.422482
6 0.362634 0.665010 0.080697 0.422482
6 0.751048 0.569586 0.074985 0.202718
6 0.248395 0.569586 0.074985 0.202718
6 0.248395 0.569586 0.074985 0.202718
6 0.751048 0.569586 0.074985 0.202718
6 0.636809 0.665010 0.080697 0.422482
18 0.121246 0.479019 0.120680 0.052350
6 0.128443 0.526700 0.069272 0.297558
19 0.145578 0.623280 0.057854 0.043692
19 0.141238 0.605931 0.092120 0.052350
19 0.177697 0.496395 0.080846 0.053173
19 0.177697 0.496390 0.080846 0.051255
6 0.166142 0.490585 0.076127 0.069700
18 0.166142 0.487231 0.052136 0.098615
18 0.166142 0.487231 0.052136 0.098615
18 0.160339 0.493477 0.042078 0.063921
6 0.128443 0.526700 0.069272 0.297558
6 0.111307 0.479019 0.103544 0.069717
18 0.121246 0.479019 0.120680 0.052350
19 0.141238 0.640630 0.092120 0.052350
19 0.141238 0.605931 0.092120 0.052350
19 0.145578 0.588581 0.057854 0.043692
19 0.141238 0.640630 0.092120 0.052350
19 0.145578 0.623280 0.057854 0.043692
19 0.145578 0.588581 0.057854 0.043692
19 0.139867 0.820228 0.092120 0.052350
19 0.144209 0.820228 0.057854 0.043689
6 0.127072 0.692997 0.069272 0.358860
19 0.144209 0.843361 0.057854 0.043689
19 0.139867 0.843361 0.092120 0.052350
19 0.127072 0.531067 0.049257 0.078490
6 0.693928 0.123929 0.069272 0.139098
6 0.636809 0.453897 0.069272 0.162231
6 0.362634 0.453897 0.069272 0.162231
6 0.305514 0.123929 0.069272 0.139098
6 0.699640 0.453897 0.069272 0.162231
6 0.305514 0.123929 0.069272 0.139098
6 0.693928 0.123929 0.069272 0.139098
6 0.299802 0.453897 0.069272 0.162231
18 0.878196 0.479019 0.120680 0.052350
6 0.870999 0.526700 0.069272 0.297558
19 0.853864 0.623280 0.057854 0.043692
19 0.858205 0.605931 0.092120 0.052350
19 0.821746 0.496395 0.080846 0.053173
19 0.821746 0.496390 0.080846 0.051255
6 0.833300 0.490585 0.076127 0.069700
18 0.833300 0.487231 0.052136 0.098615
18 0.833300 0.487231 0.052136 0.098615
18 0.839104 0.493477 0.042078 0.063921
6 0.870999 0.526700 0.069272 0.297558
6 0.888135 0.479019 0.103544 0.069717
18 0.878196 0.479019 0.120680 0.052350
19 0.858205 0.640630 0.092120 0.052350
19 0.858205 0.605931 0.092120 0.052350
19 0.853864 0.588581 0.057854 0.043692
19 0.858205 0.640630 0.092120 0.052350
19 0.853864 0.623280 0.057854 0.043692
19 0.853864 0.588581 0.057854 0.043692
19 0.859575 0.820228 0.092120 0.052350
19 0.855234 0.820228 0.057854 0.043689
6 0.872370 0.692997 0.069272 0.358860
19 0.855234 0.843361 0.057854 0.043689
19 0.859575 0.843361 0.092120 0.052350
19 0.872370 0.531067 0.049257 0.078490
