CMS AI FULL ASSEMBLY VIEW NOTES
================================
Job: 856800001_88_MB_03-05-2026.sldasm
Image: C:\CMS_AI\datasets\cms_molds\label_queue\images\856800001_88_MB_03-05-2026.sldasm_FULL_FRONT.jpg
ViewType: front
PartCount: 51

IMPORTANT:
This is NOT a YOLO label file.
Use this image for manual LabelImg labeling if needed.

Detected key roles:
TCP index: 34
BCP index: 16
ID Holder index: 4
OD Holder index: 19
ID Pot index: 30
OD Pot index: 23

Parts:
Index | Use | Class | Confidence | T | W | L | CenterX | CenterY | CenterZ | Component
1 | 1 | pyropel | 0.990 | 0.250 | 6.755 | 14.375 | 8.125 | 0.000 | 3.813 | 856800001_88_MB_03-05-2026.sldasm-Part-1-1
2 | 0 | hardware_other | 0.550 | 0.625 | 0.625 | 15.100 | 4.687 | 0.447 | -4.512 | 856800001_88_MB_03-05-2026.sldasm-Part-4-1
3 | 1 | pyropel | 0.990 | 0.250 | 13.500 | 13.875 | 1.250 | 0.000 | 7.375 | 856800001_88_MB_03-05-2026.sldasm-Part-3-1
4 | 1 | id_holder | 0.990 | 6.875 | 8.000 | 13.875 | 4.000 | 0.000 | 3.812 | 856800001_88_MB_03-05-2026.sldasm-Part-5-1
5 | 0 | hardware_other | 0.250 | 0.250 | 5.850 | 8.000 | 4.000 | -7.063 | -2.640 | 856800001_88_MB_03-05-2026.sldasm-Part-2-1
6 | 0 | hardware_other | 0.550 | 0.438 | 0.438 | 3.125 | 6.000 | 1.375 | 4.438 | 856800001_88_MB_03-05-2026.sldasm-Part-6-1
7 | 0 | bushing | 0.550 | 1.240 | 1.240 | 8.250 | 1.375 | -6.000 | 3.125 | 856800001_88_MB_03-05-2026.sldasm-Part-7-2
8 | 0 | bushing | 0.550 | 0.438 | 0.438 | 3.125 | 2.000 | 1.375 | 4.438 | 856800001_88_MB_03-05-2026.sldasm-Part-6-3
9 | 0 | hardware_other | 0.550 | 1.240 | 1.240 | 8.250 | 1.500 | 6.000 | 3.125 | 856800001_88_MB_03-05-2026.sldasm-Part-7-3
10 | 0 | hardware_other | 0.250 | 1.000 | 1.281 | 1.625 | 4.314 | 0.000 | -4.545 | 856800001_88_MB_03-05-2026.sldasm-Part-8-1
11 | 0 | hardware_other | 0.550 | 0.438 | 0.438 | 3.125 | 6.000 | -1.375 | 4.438 | 856800001_88_MB_03-05-2026.sldasm-Part-6-4
12 | 0 | hardware_other | 0.550 | 1.240 | 1.240 | 8.250 | 6.625 | 6.000 | 3.125 | 856800001_88_MB_03-05-2026.sldasm-Part-7-4
13 | 0 | hardware_other | 0.550 | 0.438 | 0.438 | 3.125 | 2.000 | -1.375 | 4.438 | 856800001_88_MB_03-05-2026.sldasm-Part-6-2
14 | 0 | hardware_other | 0.550 | 1.240 | 1.240 | 8.250 | 6.625 | -6.000 | 3.125 | 856800001_88_MB_03-05-2026.sldasm-Part-7-1
15 | 1 | pyropel | 0.990 | 0.250 | 6.755 | 8.000 | 4.000 | 7.063 | 3.813 | 856800001_88_MB_03-05-2026.sldasm-Part-12-1
16 | 1 | bottom_clamp_plate | 0.990 | 1.375 | 15.875 | 18.000 | 3.000 | 0.000 | -6.563 | 856800001_88_MB_03-05-2026.sldasm-Part-9-1
17 | 0 | hardware_other | 0.250 | 0.250 | 5.690 | 6.755 | -2.905 | 2.875 | 3.813 | 856800001_88_MB_03-05-2026.sldasm-Part-11-1
18 | 0 | hardware_other | 0.250 | 0.250 | 4.188 | 5.850 | -0.125 | -5.094 | -2.640 | 856800001_88_MB_03-05-2026.sldasm-Part-10-1
19 | 1 | od_holder | 0.990 | 5.977 | 8.000 | 13.875 | 4.000 | 0.000 | -2.644 | 856800001_88_MB_03-05-2026.sldasm-Part-15-1
20 | 0 | hardware_other | 0.250 | 1.000 | 2.750 | 3.225 | 4.000 | 0.000 | -3.963 | 856800001_88_MB_03-05-2026.sldasm-Part-14-1
21 | 1 | pyropel | 0.990 | 0.250 | 13.500 | 13.875 | 1.250 | 0.000 | -5.750 | 856800001_88_MB_03-05-2026.sldasm-Part-16-1
22 | 1 | pyropel | 0.990 | 0.250 | 5.850 | 14.375 | 8.125 | 0.000 | -2.640 | 856800001_88_MB_03-05-2026.sldasm-Part-13-1
23 | 1 | od_pot | 0.990 | 5.500 | 5.500 | 5.970 | -2.750 | 0.000 | -2.640 | 856800001_88_MB_03-05-2026.sldasm-Part-17-1
24 | 1 | id_holder | 0.250 | 0.380 | 1.500 | 3.500 | 2.750 | -7.128 | 0.313 | 856800001_88_MB_03-05-2026.sldasm-Part-19-1
25 | 1 | leader_pin | 0.250 | 0.380 | 1.500 | 3.500 | 2.750 | 7.128 | 0.313 | 856800001_88_MB_03-05-2026.sldasm-Part-19-2
26 | 1 | leader_pin | 0.250 | 0.250 | 5.690 | 6.755 | -2.905 | -2.875 | 3.813 | 856800001_88_MB_03-05-2026.sldasm-Part-18-1
27 | 1 | leader_pin | 0.250 | 0.250 | 5.690 | 5.850 | -2.905 | -2.875 | -2.640 | 856800001_88_MB_03-05-2026.sldasm-Part-20-1
28 | 1 | leader_pin | 0.250 | 0.250 | 4.187 | 6.755 | -0.125 | 5.094 | 3.813 | 856800001_88_MB_03-05-2026.sldasm-Part-21-1
29 | 1 | leader_pin | 0.250 | 0.250 | 5.500 | 5.850 | -5.625 | 0.000 | -2.640 | 856800001_88_MB_03-05-2026.sldasm-Part-22-1
30 | 1 | id_pot | 0.990 | 5.500 | 5.500 | 6.875 | -2.750 | 0.000 | 3.813 | 856800001_88_MB_03-05-2026.sldasm-Part-23-1
31 | 1 | leader_pin | 0.250 | 0.250 | 4.188 | 6.755 | -0.125 | -5.094 | 3.813 | 856800001_88_MB_03-05-2026.sldasm-Part-24-1
32 | 1 | leader_pin | 0.250 | 1.375 | 1.376 | 1.376 | 1.500 | 6.000 | -0.493 | 856800001_88_MB_03-05-2026.sldasm-Part-28-3
33 | 1 | pyropel | 0.990 | 0.250 | 6.755 | 8.000 | 4.000 | -7.063 | 3.813 | 856800001_88_MB_03-05-2026.sldasm-Part-26-1
34 | 1 | top_clamp_plate | 0.990 | 1.375 | 15.875 | 18.000 | 3.000 | 0.000 | 8.188 | 856800001_88_MB_03-05-2026.sldasm-Part-25-1
35 | 1 | pyropel | 0.250 | 1.375 | 1.376 | 1.376 | 6.625 | -6.000 | -0.493 | 856800001_88_MB_03-05-2026.sldasm-Part-28-1
36 | 0 | hardware_other | 0.250 | 0.250 | 5.850 | 8.000 | 4.000 | 7.063 | -2.640 | 856800001_88_MB_03-05-2026.sldasm-Part-27-1
37 | 1 | pyropel | 0.250 | 1.375 | 1.376 | 1.376 | 1.375 | -6.000 | -0.493 | 856800001_88_MB_03-05-2026.sldasm-Part-28-2
38 | 0 | hardware_other | 0.250 | 0.050 | 1.484 | 1.526 | 6.604 | 6.000 | 0.224 | 856800001_88_MB_03-05-2026.sldasm-Part-30-2
39 | 1 | pyropel | 0.250 | 1.375 | 1.376 | 1.376 | 6.625 | 6.000 | -0.493 | 856800001_88_MB_03-05-2026.sldasm-Part-28-4
40 | 1 | od_pot | 0.500 | 0.813 | 0.813 | 1.000 | 4.687 | 6.427 | -4.512 | 856800001_88_MB_03-05-2026.sldasm-Part-29-2
41 | 0 | hardware_other | 0.250 | 0.050 | 1.484 | 1.526 | 1.479 | 6.000 | 0.224 | 856800001_88_MB_03-05-2026.sldasm-Part-30-3
42 | 1 | od_holder | 0.500 | 0.813 | 0.813 | 1.000 | 4.687 | -6.428 | -4.512 | 856800001_88_MB_03-05-2026.sldasm-Part-29-1
43 | 0 | hardware_other | 0.250 | 0.050 | 1.484 | 1.526 | 1.354 | -6.000 | 0.230 | 856800001_88_MB_03-05-2026.sldasm-Part-30-1
44 | 1 | top_clamp_plate | 0.250 | 0.050 | 1.484 | 1.526 | 6.604 | -6.000 | 0.224 | 856800001_88_MB_03-05-2026.sldasm-Part-30-4
45 | 0 | hardware_other | 0.250 | 0.250 | 5.500 | 6.755 | -5.625 | 0.000 | 3.813 | 856800001_88_MB_03-05-2026.sldasm-Part-34-1
46 | 1 | pyropel | 0.550 | 0.365 | 0.367 | 1.316 | 2.001 | 1.375 | 6.639 | 856800001_88_MB_03-05-2026.sldasm-Part-33-1
47 | 1 | leader_pin | 0.550 | 0.365 | 0.367 | 1.316 | 6.001 | 1.375 | 6.639 | 856800001_88_MB_03-05-2026.sldasm-Part-33-3
48 | 1 | leader_pin | 0.250 | 0.250 | 5.690 | 5.850 | -2.905 | 2.875 | -2.640 | 856800001_88_MB_03-05-2026.sldasm-Part-31-1
49 | 0 | hardware_other | 0.550 | 0.365 | 0.367 | 1.316 | 2.001 | -1.375 | 6.639 | 856800001_88_MB_03-05-2026.sldasm-Part-33-4
50 | 1 | leader_pin | 0.250 | 0.250 | 4.187 | 5.850 | -0.125 | 5.094 | -2.640 | 856800001_88_MB_03-05-2026.sldasm-Part-32-1
51 | 1 | leader_pin | 0.550 | 0.365 | 0.367 | 1.316 | 6.001 | -1.375 | 6.639 | 856800001_88_MB_03-05-2026.sldasm-Part-33-2
